year	NumbMDSpring	TotalMDFall	Fw:FrationFall	BadlandsCoyote/1000kmsq	WSI	Average_preci_winter	Average_snowfall_winter	Average_snowdepth_winter	Average_maxtemp_winter	Average_mintemp_winter	Average_NP_winter	Average_PDO_winter	Average_MEI_winter
1962	398	264	0.973214286	24.3853817	109.5	7.34	69.6	28.78156682	0.756273425	-16.08749309	10.684	-1.68	14
1963	409	352	1.52892562	8.128460565	82	14.7	99.2	22.62219662	3.990095238	-11.70364055	7.466	-0.472	18
1964	473	543	1.219047619	8.128460565	102.5	2.98	90	32.34682981	3.825138302	-12.8404086	9.076	-0.846	42.25
1965	467	546	0.826086957	8.128460565	158	14.22	193	201.150384	-2.346294931	-16.55878955	9.884	-0.936	23.75
1966	459	488	1.240437158	43.35178968	110	13.18	128.4	66.25453149	2.726605223	-12.94432412	11.274	-0.534	56.75
1967	361	549	1.230769231	27.09486855	115	13.82	234.8	34.59947773	2.310296467	-11.39476498	10.958	-0.61	19.75
1968	348	579	1.301369863	10.83794742	102	7.66	86.4	37.12439748	3.325716722	-11.75615202	9.018	-0.422	20.25
1969	480	533	1.35978836	27.09486855	156	12.4	145	216.8746544	-2.06790169	-14.28593702	10.83	-0.884	46.75
1970	565	700	1.381974249	38.38439711	140.5	9.84	109.6	98.45075269	1.676204301	-12.02296621	5.734	0.78	42.75
1971	564	663	1.31512605	33.86858569	132	15.2	154.6	156.429616	-0.421030722	-12.36026267	11.482	-1.418	3.75
1972	732	654	1.376623377	41.69175196	135	11	120.25	73.30486652	-0.715947313	-13.25580171	11.836	-1.806	21.25
1973	699	905	1.267857143	48.94249143	70.5	15.22	135.4	39.91574501	2.990651306	-10.34283871	9.514	-0.266	58.75
1974	862	870	1.330218069	63.44397037	99	10.24	89.6	17.41290323	2.885183347	-11.8150128	9.06	-1.268	1.25
1975	912	924	1.297994269	36.25369736	129	14.18	212.6	30.51572965	2.574701997	-11.61463134	10.026	-0.35	17.75
1976	788	400	1.201219512	89.02080807	88	12.48	131.6	60.26086022	3.761147942	-10.50611643	10.092	-1.528	4.5
1977	862	737	1.227891156	74.45490738	108	10.02	118.6	56.51557604	2.410941628	-12.54906759	5.954	1.19	41.5
1978	1027	859	1.172131148	52.56786117	193.5	14.18	202.4	202.7651152	-2.274729647	-14.71008841	6.492	0.344	52.5
1979	859	572	1.254237288	50.7551763	199	13.2	191.2	133.1563057	-3.016571037	-16.32021452	10.552	-0.422	41
1980	906	763	1.318493151	47.27778084	106	7.2	89	9.071745325	3.634178552	-11.34371095	7.686	0.472	50
1981	1363	1009	1.2890625	24.79553338	77	4.56	35.2	6.343087558	6.393903396	-8.231457175	4.438	0.662	36.75
1982	2071	1093	1.215827338	42.1475733	114.5	20.4	269.8	59.46763441	0.7800553	-13.30391398	10.602	0.44	33.375
1983	1867	1172	1.284705882	32.57098434	93	9.88	82	14.80746544	4.329328725	-7.688539171	3.46	0.764	63.75
1984	2053	1198	1.027542373	77.91605443	92.5	9.56	109.2	26.72187616	2.09863033	-10.5886726	6.28	1.438	30.25
1985	1779	1040	1.088235294	52.87160836	106.5	6.06	96	28.40107527	1.57590169	-12.69740246	10.006	0.862	19.5
1986	1464	1110	1.086757991	44.62823795	133.5	10.78	195.4	112.2407646	2.04772043	-10.6353533	4.794	0.908	30.75
1987	1317	815	1.131661442	44.78510346	91	17.58	146	26.61278034	4.758337942	-7.391983103	5.968	1.854	57.75
1988	1654	1108	1.062068966	43.78474892	90.5	10.06	86.6	27.3541713	4.993598072	-10.65400371	8.134	1.266	52.25
1989	1485	1183	1.107296137	25.20940089	106	14.34	181.8	42.3452381	1.370557604	-11.60982642	11.742	-0.65	7.75
1990	1571	998	1.007194245	24.66119772	87	8.98	105.8	15.11113671	4.513293395	-8.826021505	10.906	-0.456	44
1991	1517	1235	1.013645224	29.2268353	84	5.32	80.8	14.12534562	4.386706605	-10.33986482	11.244	-1.574	41.25
1992	1523	519	1.163461538	18.57534803	85	6.76	38.4	1.776923077	7.29936967	-7.738313682	6.456	0.308	61.5
1993	1795	1046	1.089834515	34.49707491	103	11.32	102	33.75760649	1.212086022	-11.75937942	8.754	0.492	52.5
1994	1650	1331	1.132947977	34.08960909	125.5	10.38	222.4	103.2342881	1.673477727	-11.32005837	10.356	0.982	41.5
1995	1432	1022	1.069284065	30.51664319	93.5	11.26	106.2	22.04808686	4.773184332	-9.567728111	8.562	-0.606	55.5
1996	1230	1114	1.008179959	29.43063308	107	12.04	102	54.97050398	1.454709513	-12.76208553	7.772	0.446	21.75
1997	1783	899	0.684782609	47.76518064	119.5	12.76	203.6	142.121106	-0.156907834	-12.48114593	8.67	0.244	24
1998	1645	973	0.987714988	52.52121119	99.5	10.82	106.2	57.39174347	3.117508449	-9.301039939	5.478	1.238	62.75
1999	1972	1532	0.969325153	85.44877602	67	12.04	145.2	61.61552466	4.208889401	-7.858526882	9.446	-0.454	10.25
2000	2045	928	0.863753213	26.53621147	85.5	6.66	93	15.18640394	6.397057471	-8.353594364	8.446	-1.244	7.75
2001	2220	1652	0.744475138	47.81995722	151	21.06	132	70.40073318	1.300779659	-13.32829322	7.084	0.266	20
2002	1948	1496	0.925581395	50.41880179	100	10.82	146.4	30.47017898	4.386279825	-10.61929825	9.196	-0.598	31.75
2003	2061	2151	0.919181034	45.11155949	92	19.7	165	52.99867896	2.629442396	-10.32985346	5.066	1.792	54
2004	2436	2178	0.879569892	41.13112777	97	20.68	273.4	97.05899889	-0.03757805	-10.64341194	8.564	0.474	37.25
2005	2883	2203	0.932835821	68.99414981	80	3.1	8.6	6.083870968	3.750557604	-8.333995392	8.15	0.362	48.25
2006	2567	2192	0.850102669	42.45793835	72.5	13.22	82.6	19.54124424	2.155516129	-7.444682028	10.108	0.088	23.25
2007	2749	2126	0.875675676	29.18983261	101.5	17.24	90.8	17.69132104	3.698070661	-10.67778495	9.826	-0.078	46.25
2008	2649	2398	0.875868918	23.88259032	117.5	6	40.8	7.038341544	2.699047089	-13.53331034	9.304	-0.828	7.25
2009	2483	1528	0.735119048	62.36009695	119	26.32	217	102.9416667	-0.625593787	-13.13992832	13.466	-1.332	16
2010	2272	1486	0.724743777	66.34052867	159	13.48	165.8	215.3589862	-0.127996981	-13.01589703	6.49	0.354	57
2011	1635	988	0.595789474	61.76578697	149	36.66	318	231.5513955	-2.407847211	-14.37013671	11.132	-0.894	3
2012	1255	1120	0.586994728	50.14310089	90.5	8.74	65.4	17.69125486	5.244811236	-9.531896692	10.324	-1.48	16
